1 51
1 183
3 164
4 98
4 179
4 203
5 26
5 46
5 215
6 12
7 66
7 248
8 80
8 268
8 297
9 199
9 362
10 287
10 388
11 94
11 349
11 358
12 142
12 152
15 36
15 55
15 109
15 355
16 46
18 65
18 94
18 123
18 139
18 240
19 124
20 125
20 147
20 295
20 322
20 354
21 37
21 79
22 38
22 178
22 375
23 54
23 317
23 331
23 337
24 94
24 314
25 50
25 222
26 327
26 342
27 246
28 257
29 93
29 166
30 120
30 353
31 153
32 291
32 309
32 399
34 70
34 172
34 254
34 302
35 138
35 286
35 376
36 335
38 209
39 142
40 57
40 324
40 404
41 285
41 347
42 205
43 317
43 348
44 352
45 215
45 385
46 119
46 150
46 227
46 242
46 294
47 133
48 83
49 54
49 180
49 190
50 100
50 253
50 389
51 68
51 91
51 192
51 301
51 310
52 151
52 327
53 106
53 322
54 345
55 381
57 193
58 161
58 269
58 390
60 127
60 267
60 342
61 153
61 277
64 117
64 275
68 166
68 266
68 307
69 399
70 239
71 329
72 160
73 96
73 127
73 360
75 86
75 99
75 256
75 306
75 402
76 154
76 286
76 301
76 316
78 172
78 289
78 375
79 151
79 188
80 270
80 310
81 156
83 152
85 215
85 325
85 365
87 147
87 222
87 376
89 260
90 165
90 238
91 324
91 373
92 118
92 164
92 308
92 317
94 351
95 141
98 233
100 301
102 162
102 186
102 264
103 175
103 206
103 286
104 107
104 361
106 189
106 298
106 398
107 270
107 333
108 135
108 169
109 129
110 179
111 174
111 317
111 351
112 202
112 254
114 332
115 205
115 239
115 328
116 263
117 203
117 351
118 362
119 250
119 357
119 380
120 127
120 189
121 282
122 314
123 168
124 145
124 338
127 232
127 251
127 289
127 293
128 199
128 203
128 271
129 130
129 155
130 272
130 278
130 342
131 368
132 189
133 146
133 217
133 261
133 352
134 294
135 317
136 183
137 273
137 378
138 355
138 379
138 384
139 349
140 275
140 365
141 322
142 157
142 330
145 268
145 327
145 379
146 154
147 229
147 325
149 222
152 264
153 154
153 249
153 284
156 292
156 406
157 305
157 388
157 394
159 182
159 198
159 240
159 254
159 288
159 343
160 371
161 251
161 265
161 266
161 303
163 293
163 403
164 281
165 384
168 205
168 366
169 241
170 369
173 279
173 313
174 261
175 285
177 237
177 325
178 304
181 364
182 258
183 276
183 279
185 387
187 392
188 222
188 254
189 297
189 405
191 321
192 231
194 219
194 228
195 196
195 279
195 290
195 386
196 211
196 226
196 364
196 385
197 361
199 333
199 403
201 286
201 398
205 284
205 320
206 277
209 294
209 314
209 342
210 326
215 274
216 288
216 291
217 219
217 313
219 278
224 405
225 244
226 282
226 361
226 363
229 248
229 280
230 373
231 317
231 373
233 373
235 325
236 358
236 379
239 405
242 386
243 274
243 337
244 324
246 276
247 336
248 357
249 276
249 297
252 254
253 309
253 373
253 376
254 357
254 398
255 273
255 361
255 406
257 348
258 296
259 326
260 305
260 350
263 306
263 318
265 306
265 338
267 340
271 377
272 342
274 304
274 389
275 390
275 398
277 321
280 394
282 403
283 323
284 332
285 385
286 318
288 405
291 322
293 313
293 319
295 358
296 320
297 327
299 314
299 356
299 404
301 356
306 323
307 383
307 403
309 344
309 360
310 383
310 400
313 359
313 388
315 372
317 365
318 390
319 322
320 324
321 343
327 362
328 343
328 387
329 332
329 376
329 382
331 400
331 401
334 336
336 402
337 381
341 372
343 381
345 401
346 359
347 353
350 404
361 395
363 387
380 403
385 394
388 403